[gd_scene format=3 uid="uid://cy8unddt2maqp"]

[ext_resource type="Script" uid="uid://lo4tayiyp12h" path="res://scripts/main_level.gd" id="1_3348v"]
[ext_resource type="Script" uid="uid://dn6wyhkgg5766" path="res://scripts/stretcher.gd" id="1_hkwxo"]
[ext_resource type="Script" uid="uid://bi6voduouexrj" path="res://scripts/resting_place.gd" id="2_mt7cn"]

[sub_resource type="ProceduralSkyMaterial" id="ProceduralSkyMaterial_nx02y"]
sky_top_color = Color(0.09900001, 0.28691673, 0.55, 1)
sky_horizon_color = Color(0.6629216, 0.6891689, 0.17501381, 1)
sky_energy_multiplier = 2.0
sky_cover_modulate = Color(0.8362401, 0.51149136, 0.091232605, 1)
ground_horizon_color = Color(0.9637994, 0.5533655, 0.09069619, 1)

[sub_resource type="Sky" id="Sky_s5j47"]
sky_material = SubResource("ProceduralSkyMaterial_nx02y")

[sub_resource type="Environment" id="Environment_hkwxo"]
background_mode = 2
background_energy_multiplier = 0.6
sky = SubResource("Sky_s5j47")
tonemap_mode = 2

[sub_resource type="StandardMaterial3D" id="StandardMaterial3D_mt7cn"]
albedo_color = Color(0.5705418, 0.33949167, 0.057097085, 1)

[sub_resource type="StandardMaterial3D" id="StandardMaterial3D_3348v"]
albedo_color = Color(0.115, 0.46, 0.18975002, 1)

[sub_resource type="StandardMaterial3D" id="StandardMaterial3D_nx02y"]
albedo_color = Color(1, 0.120000005, 0.120000005, 1)

[sub_resource type="SphereShape3D" id="SphereShape3D_hkwxo"]
radius = 0.6

[sub_resource type="StandardMaterial3D" id="StandardMaterial3D_hkwxo"]
transparency = 1
albedo_color = Color(0, 0.7833333, 1, 0.4627451)

[node name="MainLevel" type="Node3D" unique_id=316296849 node_paths=PackedStringArray("resting_places")]
script = ExtResource("1_3348v")
resting_places = [NodePath("Node3D/Pitstop"), NodePath("Node3D/Pitstop2"), NodePath("Node3D/Pitstop3"), NodePath("Node3D/Pitstop4"), NodePath("Node3D/Pitstop5"), NodePath("Node3D/Pitstop6")]

[node name="WorldEnvironment" type="WorldEnvironment" parent="." unique_id=771073023]
environment = SubResource("Environment_hkwxo")

[node name="DirectionalLight3D" type="DirectionalLight3D" parent="." unique_id=1881367806]
transform = Transform3D(-0.90943223, 0.36013862, -0.20792606, 2.7805946e-08, 0.49999994, 0.8660255, 0.41585225, 0.78759146, -0.45471606, -7.297886, 20.759865, -54.782143)
light_color = Color(0.84, 0.574, 0, 1)
light_energy = 1.695
shadow_enabled = true

[node name="CSGCombiner3D" type="CSGCombiner3D" parent="." unique_id=790646881]
use_collision = true

[node name="CSGBox3D" type="CSGBox3D" parent="CSGCombiner3D" unique_id=1875798264]
transform = Transform3D(1, 0, 0, 0, 1, 0, 0, 0, 1, 112.60436, -4.668952, 0.20705414)
size = Vector3(355.58524, 0.40722656, 118.12608)

[node name="Stromy" type="Node3D" parent="CSGCombiner3D" unique_id=947279330]
transform = Transform3D(0.8220447, 0, 0.569423, 0, 1, 0, -0.569423, 0, 0.8220447, 0, -5.01961, 0)

[node name="Strom" type="CSGCylinder3D" parent="CSGCombiner3D/Stromy" unique_id=1822796201]
transform = Transform3D(1, 0, 0, 0, 1, 0, 0, 0, 1, 20.639406, 1.4192171, -11.820593)
use_collision = true
radius = 0.3
height = 2.5187988
material = SubResource("StandardMaterial3D_mt7cn")

[node name="CSGSphere3D" type="CSGSphere3D" parent="CSGCombiner3D/Stromy/Strom" unique_id=295118379]
transform = Transform3D(1, 0, 0, 0, 1, 0, 0, 0, 1, -0.028789282, 2.0800302, -0.0745976)
radius = 1.405
material = SubResource("StandardMaterial3D_3348v")

[node name="Strom3" type="CSGCylinder3D" parent="CSGCombiner3D/Stromy" unique_id=1326635011]
transform = Transform3D(1, 0, 0, 0, 1, 0, 0, 0, 1, 19.599468, 1.4192171, -6.9214587)
use_collision = true
radius = 0.3
height = 2.5187988
material = SubResource("StandardMaterial3D_mt7cn")

[node name="CSGSphere3D" type="CSGSphere3D" parent="CSGCombiner3D/Stromy/Strom3" unique_id=1848660008]
transform = Transform3D(1, 0, 0, 0, 1, 0, 0, 0, 1, -0.028789282, 2.0800302, -0.0745976)
radius = 1.405
material = SubResource("StandardMaterial3D_3348v")

[node name="Strom4" type="CSGCylinder3D" parent="CSGCombiner3D/Stromy" unique_id=432776309]
transform = Transform3D(1, 0, 0, 0, 1, 0, 0, 0, 1, -1.6873341, 1.4192171, 16.61868)
use_collision = true
radius = 0.3
height = 2.5187988
material = SubResource("StandardMaterial3D_mt7cn")

[node name="CSGSphere3D" type="CSGSphere3D" parent="CSGCombiner3D/Stromy/Strom4" unique_id=1236128518]
transform = Transform3D(1, 0, 0, 0, 1, 0, 0, 0, 1, -0.028789282, 2.0800302, -0.0745976)
radius = 1.405
material = SubResource("StandardMaterial3D_3348v")

[node name="Strom5" type="CSGCylinder3D" parent="CSGCombiner3D/Stromy" unique_id=2120881430]
transform = Transform3D(1, 0, 0, 0, 1, 0, 0, 0, 1, -6.03749, 1.4192171, 16.040733)
use_collision = true
radius = 0.3
height = 2.5187988
material = SubResource("StandardMaterial3D_mt7cn")

[node name="CSGSphere3D" type="CSGSphere3D" parent="CSGCombiner3D/Stromy/Strom5" unique_id=402749066]
transform = Transform3D(1, 0, 0, 0, 1, 0, 0, 0, 1, -0.028789282, 2.0800302, -0.0745976)
radius = 1.405
material = SubResource("StandardMaterial3D_3348v")

[node name="Strom6" type="CSGCylinder3D" parent="CSGCombiner3D/Stromy" unique_id=1838163533]
transform = Transform3D(1, 0, 0, 0, 1, 0, 0, 0, 1, 1.0515013, 1.4192171, 10.289024)
use_collision = true
radius = 0.3
height = 2.5187988
material = SubResource("StandardMaterial3D_mt7cn")

[node name="CSGSphere3D" type="CSGSphere3D" parent="CSGCombiner3D/Stromy/Strom6" unique_id=917442219]
transform = Transform3D(1, 0, 0, 0, 1, 0, 0, 0, 1, -0.028789282, 2.0800302, -0.0745976)
radius = 1.405
material = SubResource("StandardMaterial3D_3348v")

[node name="Strom7" type="CSGCylinder3D" parent="CSGCombiner3D/Stromy" unique_id=281022631]
transform = Transform3D(1, 0, 0, 0, 1, 0, 0, 0, 1, 11.682143, 1.4192171, 26.18053)
use_collision = true
radius = 0.3
height = 2.5187988
material = SubResource("StandardMaterial3D_mt7cn")

[node name="CSGSphere3D" type="CSGSphere3D" parent="CSGCombiner3D/Stromy/Strom7" unique_id=1972786908]
transform = Transform3D(1, 0, 0, 0, 1, 0, 0, 0, 1, -0.028789282, 2.0800302, -0.0745976)
radius = 1.405
material = SubResource("StandardMaterial3D_3348v")

[node name="Strom8" type="CSGCylinder3D" parent="CSGCombiner3D/Stromy" unique_id=2140515925]
transform = Transform3D(1, 0, 0, 0, 1, 0, 0, 0, 1, 9.37097, 1.419219, 20.670921)
use_collision = true
radius = 0.3
height = 2.5187988
material = SubResource("StandardMaterial3D_mt7cn")

[node name="CSGSphere3D" type="CSGSphere3D" parent="CSGCombiner3D/Stromy/Strom8" unique_id=1410008619]
transform = Transform3D(1, 0, 0, 0, 1, 0, 0, 0, 1, -0.028789282, 2.0800302, -0.0745976)
radius = 1.405
material = SubResource("StandardMaterial3D_3348v")

[node name="Strom9" type="CSGCylinder3D" parent="CSGCombiner3D/Stromy" unique_id=1563740676]
transform = Transform3D(1, 0, 0, 0, 1, 0, 0, 0, 1, 23.50696, 1.4192171, -1.0324421)
use_collision = true
radius = 0.3
height = 2.5187988
material = SubResource("StandardMaterial3D_mt7cn")

[node name="CSGSphere3D" type="CSGSphere3D" parent="CSGCombiner3D/Stromy/Strom9" unique_id=1646528061]
transform = Transform3D(1, 0, 0, 0, 1, 0, 0, 0, 1, -0.028789282, 2.0800302, -0.0745976)
radius = 1.405
material = SubResource("StandardMaterial3D_3348v")

[node name="Strom2" type="CSGCylinder3D" parent="CSGCombiner3D/Stromy" unique_id=615938947]
transform = Transform3D(1, 0, 0, 0, 1, 0, 0, 0, 1, 24.193752, 1.4192171, -8.451632)
use_collision = true
radius = 0.3
height = 2.5187988
material = SubResource("StandardMaterial3D_mt7cn")

[node name="CSGSphere3D" type="CSGSphere3D" parent="CSGCombiner3D/Stromy/Strom2" unique_id=2134032056]
transform = Transform3D(1, 0, 0, 0, 1, 0, 0, 0, 1, -0.028789282, 2.0800302, -0.0745976)
radius = 1.405
material = SubResource("StandardMaterial3D_3348v")

[node name="Strom10" type="CSGCylinder3D" parent="CSGCombiner3D/Stromy" unique_id=1723058681]
transform = Transform3D(0.28908193, 0, -0.9573044, 0, 1, 0, 0.9573044, 0, 0.28908193, 13.013616, 1.4192171, -18.54293)
use_collision = true
radius = 0.3
height = 2.5187988
material = SubResource("StandardMaterial3D_mt7cn")

[node name="CSGSphere3D" type="CSGSphere3D" parent="CSGCombiner3D/Stromy/Strom10" unique_id=2138159005]
transform = Transform3D(1, 0, 0, 0, 1, 0, 0, 0, 1, -0.028789282, 2.0800302, -0.0745976)
radius = 1.405
material = SubResource("StandardMaterial3D_3348v")

[node name="Strom11" type="CSGCylinder3D" parent="CSGCombiner3D/Stromy" unique_id=1060469919]
transform = Transform3D(0.28908193, 0, -0.9573044, 0, 1, 0, 0.9573044, 0, 0.28908193, 10.815988, 1.4192171, -14.166429)
use_collision = true
radius = 0.3
height = 2.5187988
material = SubResource("StandardMaterial3D_mt7cn")

[node name="CSGSphere3D" type="CSGSphere3D" parent="CSGCombiner3D/Stromy/Strom11" unique_id=66964797]
transform = Transform3D(1, 0, 0, 0, 1, 0, 0, 0, 1, -0.028789282, 2.0800302, -0.0745976)
radius = 1.405
material = SubResource("StandardMaterial3D_3348v")

[node name="Strom12" type="CSGCylinder3D" parent="CSGCombiner3D/Stromy" unique_id=237410481]
transform = Transform3D(0.28908193, 0, -0.9573044, 0, 1, 0, 0.9573044, 0, 0.28908193, 8.023019, 1.4192171, -18.122215)
use_collision = true
radius = 0.3
height = 2.5187988
material = SubResource("StandardMaterial3D_mt7cn")

[node name="CSGSphere3D" type="CSGSphere3D" parent="CSGCombiner3D/Stromy/Strom12" unique_id=1063248117]
transform = Transform3D(1, 0, 0, 0, 1, 0, 0, 0, 1, -0.028789282, 2.0800302, -0.0745976)
radius = 1.405
material = SubResource("StandardMaterial3D_3348v")

[node name="Strom13" type="CSGCylinder3D" parent="CSGCombiner3D/Stromy" unique_id=607187691]
transform = Transform3D(0.2890819, 0, -0.9573044, 0, 1, 0, 0.9573044, 0, 0.2890819, -5.32362, 1.4192171, -26.21746)
use_collision = true
radius = 0.3
height = 2.5187988
material = SubResource("StandardMaterial3D_mt7cn")

[node name="CSGSphere3D" type="CSGSphere3D" parent="CSGCombiner3D/Stromy/Strom13" unique_id=1357742937]
transform = Transform3D(1, 0, 0, 0, 1, 0, 0, 0, 1, -0.028789282, 2.0800302, -0.0745976)
radius = 1.405
material = SubResource("StandardMaterial3D_3348v")

[node name="Strom14" type="CSGCylinder3D" parent="CSGCombiner3D/Stromy" unique_id=981120797]
transform = Transform3D(0.2890819, 0, -0.9573044, 0, 1, 0, 0.9573044, 0, 0.2890819, -6.0279016, 1.4192171, -30.548956)
use_collision = true
radius = 0.3
height = 2.5187988
material = SubResource("StandardMaterial3D_mt7cn")

[node name="CSGSphere3D" type="CSGSphere3D" parent="CSGCombiner3D/Stromy/Strom14" unique_id=1203018162]
transform = Transform3D(1, 0, 0, 0, 1, 0, 0, 0, 1, -0.028789282, 2.0800302, -0.0745976)
radius = 1.405
material = SubResource("StandardMaterial3D_3348v")

[node name="Strom15" type="CSGCylinder3D" parent="CSGCombiner3D/Stromy" unique_id=26839111]
transform = Transform3D(0.28908193, 0, -0.9573044, 0, 1, 0, 0.9573044, 0, 0.28908193, -1.517909, 1.4192171, -25.562792)
use_collision = true
radius = 0.3
height = 2.5187988
material = SubResource("StandardMaterial3D_mt7cn")

[node name="CSGSphere3D" type="CSGSphere3D" parent="CSGCombiner3D/Stromy/Strom15" unique_id=207121148]
transform = Transform3D(1, 0, 0, 0, 1, 0, 0, 0, 1, -0.028789282, 2.0800302, -0.0745976)
radius = 1.405
material = SubResource("StandardMaterial3D_3348v")

[node name="Strom16" type="CSGCylinder3D" parent="CSGCombiner3D/Stromy" unique_id=970871874]
transform = Transform3D(0.2890819, 0, -0.9573044, 0, 1, 0, 0.9573044, 0, 0.2890819, -14.882293, 1.4192171, 4.6135535)
use_collision = true
radius = 0.3
height = 2.5187988
material = SubResource("StandardMaterial3D_mt7cn")

[node name="CSGSphere3D" type="CSGSphere3D" parent="CSGCombiner3D/Stromy/Strom16" unique_id=1137084562]
transform = Transform3D(1, 0, 0, 0, 1, 0, 0, 0, 1, -0.028789282, 2.0800302, -0.0745976)
radius = 1.405
material = SubResource("StandardMaterial3D_3348v")

[node name="Strom17" type="CSGCylinder3D" parent="CSGCombiner3D/Stromy" unique_id=733048277]
transform = Transform3D(0.2890819, 0, -0.9573044, 0, 1, 0, 0.9573044, 0, 0.2890819, -10.276037, 1.419219, 0.8083291)
use_collision = true
radius = 0.3
height = 2.5187988
material = SubResource("StandardMaterial3D_mt7cn")

[node name="CSGSphere3D" type="CSGSphere3D" parent="CSGCombiner3D/Stromy/Strom17" unique_id=1311594111]
transform = Transform3D(1, 0, 0, 0, 1, 0, 0, 0, 1, -0.028789282, 2.0800302, -0.0745976)
radius = 1.405
material = SubResource("StandardMaterial3D_3348v")

[node name="Strom18" type="CSGCylinder3D" parent="CSGCombiner3D/Stromy" unique_id=1273455433]
transform = Transform3D(0.28908193, 0, -0.9573044, 0, 1, 0, 0.9573044, 0, 0.28908193, -6.507224, 1.4192171, 5.7925396)
use_collision = true
radius = 0.3
height = 2.5187988
material = SubResource("StandardMaterial3D_mt7cn")

[node name="CSGSphere3D" type="CSGSphere3D" parent="CSGCombiner3D/Stromy/Strom18" unique_id=526324339]
transform = Transform3D(1, 0, 0, 0, 1, 0, 0, 0, 1, -0.028789282, 2.0800302, -0.0745976)
radius = 1.405
material = SubResource("StandardMaterial3D_3348v")

[node name="Strom19" type="CSGCylinder3D" parent="CSGCombiner3D/Stromy" unique_id=1102258320]
transform = Transform3D(-0.99990153, 0, -0.014032036, 0, 1, 0, 0.014032036, 0, -0.99990153, -4.2171674, 1.4192171, 12.036424)
use_collision = true
radius = 0.3
height = 2.5187988
material = SubResource("StandardMaterial3D_mt7cn")

[node name="CSGSphere3D" type="CSGSphere3D" parent="CSGCombiner3D/Stromy/Strom19" unique_id=584539102]
transform = Transform3D(1, 0, 0, 0, 1, 0, 0, 0, 1, -0.028789282, 2.0800302, -0.0745976)
radius = 1.405
material = SubResource("StandardMaterial3D_3348v")

[node name="Strom20" type="CSGCylinder3D" parent="CSGCombiner3D/Stromy" unique_id=1918902485]
transform = Transform3D(-0.99990153, 0, -0.014032036, 0, 1, 0, 0.014032036, 0, -0.99990153, -3.2460744, 1.4192171, 7.1231775)
use_collision = true
radius = 0.3
height = 2.5187988
material = SubResource("StandardMaterial3D_mt7cn")

[node name="CSGSphere3D" type="CSGSphere3D" parent="CSGCombiner3D/Stromy/Strom20" unique_id=1816177993]
transform = Transform3D(1, 0, 0, 0, 1, 0, 0, 0, 1, -0.028789282, 2.0800302, -0.0745976)
radius = 1.405
material = SubResource("StandardMaterial3D_3348v")

[node name="Strom21" type="CSGCylinder3D" parent="CSGCombiner3D/Stromy" unique_id=19211141]
transform = Transform3D(-0.99990153, 0, -0.014032036, 0, 1, 0, 0.014032036, 0, -0.99990153, 16.783485, 1.4192171, -17.333353)
use_collision = true
radius = 0.3
height = 2.5187988
material = SubResource("StandardMaterial3D_mt7cn")

[node name="CSGSphere3D" type="CSGSphere3D" parent="CSGCombiner3D/Stromy/Strom21" unique_id=342377894]
transform = Transform3D(1, 0, 0, 0, 1, 0, 0, 0, 1, -0.028789282, 2.0800302, -0.0745976)
radius = 1.405
material = SubResource("StandardMaterial3D_3348v")

[node name="Strom22" type="CSGCylinder3D" parent="CSGCombiner3D/Stromy" unique_id=1466163266]
transform = Transform3D(-0.99990153, 0, -0.014032036, 0, 1, 0, 0.014032036, 0, -0.99990153, 21.141323, 1.4192171, -16.816511)
use_collision = true
radius = 0.3
height = 2.5187988
material = SubResource("StandardMaterial3D_mt7cn")

[node name="CSGSphere3D" type="CSGSphere3D" parent="CSGCombiner3D/Stromy/Strom22" unique_id=725834961]
transform = Transform3D(1, 0, 0, 0, 1, 0, 0, 0, 1, -0.028789282, 2.0800302, -0.0745976)
radius = 1.405
material = SubResource("StandardMaterial3D_3348v")

[node name="Strom23" type="CSGCylinder3D" parent="CSGCombiner3D/Stromy" unique_id=1213866001]
transform = Transform3D(-0.99990153, 0, -0.014032036, 0, 1, 0, 0.014032036, 0, -0.99990153, 14.133738, 1.4192171, -10.965894)
use_collision = true
radius = 0.3
height = 2.5187988
material = SubResource("StandardMaterial3D_mt7cn")

[node name="CSGSphere3D" type="CSGSphere3D" parent="CSGCombiner3D/Stromy/Strom23" unique_id=1565384185]
transform = Transform3D(1, 0, 0, 0, 1, 0, 0, 0, 1, -0.028789282, 2.0800302, -0.0745976)
radius = 1.405
material = SubResource("StandardMaterial3D_3348v")

[node name="Strom24" type="CSGCylinder3D" parent="CSGCombiner3D/Stromy" unique_id=1504099479]
transform = Transform3D(-0.99990153, 0, -0.014032036, 0, 1, 0, 0.014032036, 0, -0.99990153, 3.2811537, 1.4192171, -26.706665)
use_collision = true
radius = 0.3
height = 2.5187988
material = SubResource("StandardMaterial3D_mt7cn")

[node name="CSGSphere3D" type="CSGSphere3D" parent="CSGCombiner3D/Stromy/Strom24" unique_id=1592855482]
transform = Transform3D(1, 0, 0, 0, 1, 0, 0, 0, 1, -0.028789282, 2.0800302, -0.0745976)
radius = 1.405
material = SubResource("StandardMaterial3D_3348v")

[node name="Strom25" type="CSGCylinder3D" parent="CSGCombiner3D/Stromy" unique_id=1556849930]
transform = Transform3D(-0.99990153, 0, -0.014032036, 0, 1, 0, 0.014032036, 0, -0.99990153, 5.669409, 1.419219, -21.23003)
use_collision = true
radius = 0.3
height = 2.5187988
material = SubResource("StandardMaterial3D_mt7cn")

[node name="CSGSphere3D" type="CSGSphere3D" parent="CSGCombiner3D/Stromy/Strom25" unique_id=165353187]
transform = Transform3D(1, 0, 0, 0, 1, 0, 0, 0, 1, -0.028789282, 2.0800302, -0.0745976)
radius = 1.405
material = SubResource("StandardMaterial3D_3348v")

[node name="Strom26" type="CSGCylinder3D" parent="CSGCombiner3D/Stromy" unique_id=760335876]
transform = Transform3D(-0.99990153, 0, -0.014032036, 0, 1, 0, 0.014032036, 0, -0.99990153, -13.780167, 1.4192171, -3.1090446)
use_collision = true
radius = 0.3
height = 2.5187988
material = SubResource("StandardMaterial3D_mt7cn")

[node name="CSGSphere3D" type="CSGSphere3D" parent="CSGCombiner3D/Stromy/Strom26" unique_id=1703331869]
transform = Transform3D(1, 0, 0, 0, 1, 0, 0, 0, 1, -0.028789282, 2.0800302, -0.0745976)
radius = 1.405
material = SubResource("StandardMaterial3D_3348v")

[node name="Strom27" type="CSGCylinder3D" parent="CSGCombiner3D/Stromy" unique_id=1623176890]
transform = Transform3D(-0.99990153, 0, -0.014032036, 0, 1, 0, 0.014032036, 0, -0.99990153, -7.8184366, 1.4192171, 8.7176695)
use_collision = true
radius = 0.3
height = 2.5187988
material = SubResource("StandardMaterial3D_mt7cn")

[node name="CSGSphere3D" type="CSGSphere3D" parent="CSGCombiner3D/Stromy/Strom27" unique_id=1151422245]
transform = Transform3D(1, 0, 0, 0, 1, 0, 0, 0, 1, -0.028789282, 2.0800302, -0.0745976)
radius = 1.405
material = SubResource("StandardMaterial3D_3348v")

[node name="Strom28" type="CSGCylinder3D" parent="CSGCombiner3D/Stromy" unique_id=295725923]
transform = Transform3D(-0.30248627, 0, 0.95315367, 0, 1, 0, -0.95315367, 0, -0.30248627, 2.4963703, 1.4192171, 17.8176)
use_collision = true
radius = 0.3
height = 2.5187988
material = SubResource("StandardMaterial3D_mt7cn")

[node name="CSGSphere3D" type="CSGSphere3D" parent="CSGCombiner3D/Stromy/Strom28" unique_id=1214553202]
transform = Transform3D(1, 0, 0, 0, 1, 0, 0, 0, 1, -0.028789282, 2.0800302, -0.0745976)
radius = 1.405
material = SubResource("StandardMaterial3D_3348v")

[node name="Strom29" type="CSGCylinder3D" parent="CSGCombiner3D/Stromy" unique_id=894865763]
transform = Transform3D(-0.30248627, 0, 0.95315367, 0, 1, 0, -0.95315367, 0, -0.30248627, 4.6323714, 1.4192171, 13.410694)
use_collision = true
radius = 0.3
height = 2.5187988
material = SubResource("StandardMaterial3D_mt7cn")

[node name="CSGSphere3D" type="CSGSphere3D" parent="CSGCombiner3D/Stromy/Strom29" unique_id=995071460]
transform = Transform3D(1, 0, 0, 0, 1, 0, 0, 0, 1, -0.028789282, 2.0800302, -0.0745976)
radius = 1.405
material = SubResource("StandardMaterial3D_3348v")

[node name="Strom30" type="CSGCylinder3D" parent="CSGCombiner3D/Stromy" unique_id=411669598]
transform = Transform3D(-0.30248627, 0, 0.95315367, 0, 1, 0, -0.95315367, 0, -0.30248627, 7.480573, 1.4192171, 17.3269)
use_collision = true
radius = 0.3
height = 2.5187988
material = SubResource("StandardMaterial3D_mt7cn")

[node name="CSGSphere3D" type="CSGSphere3D" parent="CSGCombiner3D/Stromy/Strom30" unique_id=306039960]
transform = Transform3D(1, 0, 0, 0, 1, 0, 0, 0, 1, -0.028789282, 2.0800302, -0.0745976)
radius = 1.405
material = SubResource("StandardMaterial3D_3348v")

[node name="Strom31" type="CSGCylinder3D" parent="CSGCombiner3D/Stromy" unique_id=979428905]
transform = Transform3D(-0.30248627, 0, 0.95315367, 0, 1, 0, -0.95315367, 0, -0.30248627, 23.98656, 1.4192171, 25.328762)
use_collision = true
radius = 0.3
height = 2.5187988
material = SubResource("StandardMaterial3D_mt7cn")

[node name="CSGSphere3D" type="CSGSphere3D" parent="CSGCombiner3D/Stromy/Strom31" unique_id=1341701880]
transform = Transform3D(1, 0, 0, 0, 1, 0, 0, 0, 1, -0.028789282, 2.0800302, -0.0745976)
radius = 1.405
material = SubResource("StandardMaterial3D_3348v")

[node name="Strom32" type="CSGCylinder3D" parent="CSGCombiner3D/Stromy" unique_id=784767472]
transform = Transform3D(-0.30248627, 0, 0.95315367, 0, 1, 0, -0.95315367, 0, -0.30248627, 24.751564, 1.4192171, 29.649952)
use_collision = true
radius = 0.3
height = 2.5187988
material = SubResource("StandardMaterial3D_mt7cn")

[node name="CSGSphere3D" type="CSGSphere3D" parent="CSGCombiner3D/Stromy/Strom32" unique_id=376575561]
transform = Transform3D(1, 0, 0, 0, 1, 0, 0, 0, 1, -0.028789282, 2.0800302, -0.0745976)
radius = 1.405
material = SubResource("StandardMaterial3D_3348v")

[node name="Strom33" type="CSGCylinder3D" parent="CSGCombiner3D/Stromy" unique_id=1705076161]
transform = Transform3D(-0.30248627, 0, 0.95315367, 0, 1, 0, -0.95315367, 0, -0.30248627, 17.124971, 1.4192171, 24.632866)
use_collision = true
radius = 0.3
height = 2.5187988
material = SubResource("StandardMaterial3D_mt7cn")

[node name="CSGSphere3D" type="CSGSphere3D" parent="CSGCombiner3D/Stromy/Strom33" unique_id=143444554]
transform = Transform3D(1, 0, 0, 0, 1, 0, 0, 0, 1, -0.028789282, 2.0800302, -0.0745976)
radius = 1.405
material = SubResource("StandardMaterial3D_3348v")

[node name="Strom34" type="CSGCylinder3D" parent="CSGCombiner3D/Stromy" unique_id=1789519135]
transform = Transform3D(-0.30248627, 0, 0.95315367, 0, 1, 0, -0.95315367, 0, -0.30248627, 31.241377, 1.4192171, -5.0245943)
use_collision = true
radius = 0.3
height = 2.5187988
material = SubResource("StandardMaterial3D_mt7cn")

[node name="CSGSphere3D" type="CSGSphere3D" parent="CSGCombiner3D/Stromy/Strom34" unique_id=855785951]
transform = Transform3D(1, 0, 0, 0, 1, 0, 0, 0, 1, -0.028789282, 2.0800302, -0.0745976)
radius = 1.405
material = SubResource("StandardMaterial3D_3348v")

[node name="Strom35" type="CSGCylinder3D" parent="CSGCombiner3D/Stromy" unique_id=1983120869]
transform = Transform3D(-0.30248627, 0, 0.95315367, 0, 1, 0, -0.95315367, 0, -0.30248627, 26.688957, 1.419219, -1.1551151)
use_collision = true
radius = 0.3
height = 2.5187988
material = SubResource("StandardMaterial3D_mt7cn")

[node name="CSGSphere3D" type="CSGSphere3D" parent="CSGCombiner3D/Stromy/Strom35" unique_id=76676647]
transform = Transform3D(1, 0, 0, 0, 1, 0, 0, 0, 1, -0.028789282, 2.0800302, -0.0745976)
radius = 1.405
material = SubResource("StandardMaterial3D_3348v")

[node name="Strom36" type="CSGCylinder3D" parent="CSGCombiner3D/Stromy" unique_id=1232533373]
transform = Transform3D(-0.30248627, 0, 0.95315367, 0, 1, 0, -0.95315367, 0, -0.30248627, 22.89767, 1.4192171, -5.9432335)
use_collision = true
radius = 0.3
height = 2.5187988
material = SubResource("StandardMaterial3D_mt7cn")

[node name="CSGSphere3D" type="CSGSphere3D" parent="CSGCombiner3D/Stromy/Strom36" unique_id=1231113868]
transform = Transform3D(1, 0, 0, 0, 1, 0, 0, 0, 1, -0.028789282, 2.0800302, -0.0745976)
radius = 1.405
material = SubResource("StandardMaterial3D_3348v")

[node name="Strom37" type="CSGCylinder3D" parent="CSGCombiner3D/Stromy" unique_id=377563387]
transform = Transform3D(1, 0, 0, 0, 1, 0, 0, 0, 1, 45.268547, 1.4192171, 15.5090065)
use_collision = true
radius = 0.3
height = 2.5187988
material = SubResource("StandardMaterial3D_mt7cn")

[node name="CSGSphere3D" type="CSGSphere3D" parent="CSGCombiner3D/Stromy/Strom37" unique_id=1586860423]
transform = Transform3D(1, 0, 0, 0, 1, 0, 0, 0, 1, -0.028789282, 2.0800302, -0.0745976)
radius = 1.405
material = SubResource("StandardMaterial3D_3348v")

[node name="Strom38" type="CSGCylinder3D" parent="CSGCombiner3D/Stromy" unique_id=1201681607]
transform = Transform3D(1, 0, 0, 0, 1, 0, 0, 0, 1, 40.918392, 1.4192171, 14.931058)
use_collision = true
radius = 0.3
height = 2.5187988
material = SubResource("StandardMaterial3D_mt7cn")

[node name="CSGSphere3D" type="CSGSphere3D" parent="CSGCombiner3D/Stromy/Strom38" unique_id=66288452]
transform = Transform3D(1, 0, 0, 0, 1, 0, 0, 0, 1, -0.028789282, 2.0800302, -0.0745976)
radius = 1.405
material = SubResource("StandardMaterial3D_3348v")

[node name="Strom39" type="CSGCylinder3D" parent="CSGCombiner3D/Stromy" unique_id=1607058442]
transform = Transform3D(1, 0, 0, 0, 1, 0, 0, 0, 1, 48.00738, 1.4192171, 9.17935)
use_collision = true
radius = 0.3
height = 2.5187988
material = SubResource("StandardMaterial3D_mt7cn")

[node name="CSGSphere3D" type="CSGSphere3D" parent="CSGCombiner3D/Stromy/Strom39" unique_id=370694005]
transform = Transform3D(1, 0, 0, 0, 1, 0, 0, 0, 1, -0.028789282, 2.0800302, -0.0745976)
radius = 1.405
material = SubResource("StandardMaterial3D_3348v")

[node name="Strom40" type="CSGCylinder3D" parent="CSGCombiner3D/Stromy" unique_id=1784159812]
transform = Transform3D(1, 0, 0, 0, 1, 0, 0, 0, 1, 58.638023, 1.4192171, 25.070862)
use_collision = true
radius = 0.3
height = 2.5187988
material = SubResource("StandardMaterial3D_mt7cn")

[node name="CSGSphere3D" type="CSGSphere3D" parent="CSGCombiner3D/Stromy/Strom40" unique_id=277439694]
transform = Transform3D(1, 0, 0, 0, 1, 0, 0, 0, 1, -0.028789282, 2.0800302, -0.0745976)
radius = 1.405
material = SubResource("StandardMaterial3D_3348v")

[node name="Strom41" type="CSGCylinder3D" parent="CSGCombiner3D/Stromy" unique_id=987747096]
transform = Transform3D(1, 0, 0, 0, 1, 0, 0, 0, 1, 56.32685, 1.419219, 19.561249)
use_collision = true
radius = 0.3
height = 2.5187988
material = SubResource("StandardMaterial3D_mt7cn")

[node name="CSGSphere3D" type="CSGSphere3D" parent="CSGCombiner3D/Stromy/Strom41" unique_id=166006071]
transform = Transform3D(1, 0, 0, 0, 1, 0, 0, 0, 1, -0.028789282, 2.0800302, -0.0745976)
radius = 1.405
material = SubResource("StandardMaterial3D_3348v")

[node name="Strom42" type="CSGCylinder3D" parent="CSGCombiner3D/Stromy" unique_id=1283506346]
transform = Transform3D(0.2890819, 0, -0.9573044, 0, 1, 0, 0.9573044, 0, 0.2890819, 32.07359, 1.4192171, 3.5038795)
use_collision = true
radius = 0.3
height = 2.5187988
material = SubResource("StandardMaterial3D_mt7cn")

[node name="CSGSphere3D" type="CSGSphere3D" parent="CSGCombiner3D/Stromy/Strom42" unique_id=93933258]
transform = Transform3D(1, 0, 0, 0, 1, 0, 0, 0, 1, -0.028789282, 2.0800302, -0.0745976)
radius = 1.405
material = SubResource("StandardMaterial3D_3348v")

[node name="Strom43" type="CSGCylinder3D" parent="CSGCombiner3D/Stromy" unique_id=187530929]
transform = Transform3D(0.2890819, 0, -0.9573044, 0, 1, 0, 0.9573044, 0, 0.2890819, 36.679844, 1.419219, -0.30134392)
use_collision = true
radius = 0.3
height = 2.5187988
material = SubResource("StandardMaterial3D_mt7cn")

[node name="CSGSphere3D" type="CSGSphere3D" parent="CSGCombiner3D/Stromy/Strom43" unique_id=2117091205]
transform = Transform3D(1, 0, 0, 0, 1, 0, 0, 0, 1, -0.028789282, 2.0800302, -0.0745976)
radius = 1.405
material = SubResource("StandardMaterial3D_3348v")

[node name="Strom44" type="CSGCylinder3D" parent="CSGCombiner3D/Stromy" unique_id=822202851]
transform = Transform3D(0.2890819, 0, -0.9573044, 0, 1, 0, 0.9573044, 0, 0.2890819, 40.448658, 1.4192171, 4.682863)
use_collision = true
radius = 0.3
height = 2.5187988
material = SubResource("StandardMaterial3D_mt7cn")

[node name="CSGSphere3D" type="CSGSphere3D" parent="CSGCombiner3D/Stromy/Strom44" unique_id=1408171425]
transform = Transform3D(1, 0, 0, 0, 1, 0, 0, 0, 1, -0.028789282, 2.0800302, -0.0745976)
radius = 1.405
material = SubResource("StandardMaterial3D_3348v")

[node name="Strom45" type="CSGCylinder3D" parent="CSGCombiner3D/Stromy" unique_id=554882749]
transform = Transform3D(-0.99990153, 0, -0.014032036, 0, 1, 0, 0.014032036, 0, -0.99990153, 42.738712, 1.4192171, 10.926748)
use_collision = true
radius = 0.3
height = 2.5187988
material = SubResource("StandardMaterial3D_mt7cn")

[node name="CSGSphere3D" type="CSGSphere3D" parent="CSGCombiner3D/Stromy/Strom45" unique_id=583935237]
transform = Transform3D(1, 0, 0, 0, 1, 0, 0, 0, 1, -0.028789282, 2.0800302, -0.0745976)
radius = 1.405
material = SubResource("StandardMaterial3D_3348v")

[node name="Strom46" type="CSGCylinder3D" parent="CSGCombiner3D/Stromy" unique_id=1547771531]
transform = Transform3D(-0.99990153, 0, -0.014032036, 0, 1, 0, 0.014032036, 0, -0.99990153, 43.709805, 1.4192171, 6.013504)
use_collision = true
radius = 0.3
height = 2.5187988
material = SubResource("StandardMaterial3D_mt7cn")

[node name="CSGSphere3D" type="CSGSphere3D" parent="CSGCombiner3D/Stromy/Strom46" unique_id=590907547]
transform = Transform3D(1, 0, 0, 0, 1, 0, 0, 0, 1, -0.028789282, 2.0800302, -0.0745976)
radius = 1.405
material = SubResource("StandardMaterial3D_3348v")

[node name="Strom47" type="CSGCylinder3D" parent="CSGCombiner3D/Stromy" unique_id=667815776]
transform = Transform3D(-0.99990153, 0, -0.014032036, 0, 1, 0, 0.014032036, 0, -0.99990153, 33.175716, 1.4192171, -4.2187204)
use_collision = true
radius = 0.3
height = 2.5187988
material = SubResource("StandardMaterial3D_mt7cn")

[node name="CSGSphere3D" type="CSGSphere3D" parent="CSGCombiner3D/Stromy/Strom47" unique_id=1831641675]
transform = Transform3D(1, 0, 0, 0, 1, 0, 0, 0, 1, -0.028789282, 2.0800302, -0.0745976)
radius = 1.405
material = SubResource("StandardMaterial3D_3348v")

[node name="Strom48" type="CSGCylinder3D" parent="CSGCombiner3D/Stromy" unique_id=1497441368]
transform = Transform3D(-0.99990153, 0, -0.014032036, 0, 1, 0, 0.014032036, 0, -0.99990153, 39.137447, 1.4192171, 7.607997)
use_collision = true
radius = 0.3
height = 2.5187988
material = SubResource("StandardMaterial3D_mt7cn")

[node name="CSGSphere3D" type="CSGSphere3D" parent="CSGCombiner3D/Stromy/Strom48" unique_id=2107555094]
transform = Transform3D(1, 0, 0, 0, 1, 0, 0, 0, 1, -0.028789282, 2.0800302, -0.0745976)
radius = 1.405
material = SubResource("StandardMaterial3D_3348v")

[node name="Strom49" type="CSGCylinder3D" parent="CSGCombiner3D/Stromy" unique_id=1073406875]
transform = Transform3D(-0.30248627, 0, 0.95315367, 0, 1, 0, -0.95315367, 0, -0.30248627, 49.452255, 1.4192171, 16.707926)
use_collision = true
radius = 0.3
height = 2.5187988
material = SubResource("StandardMaterial3D_mt7cn")

[node name="CSGSphere3D" type="CSGSphere3D" parent="CSGCombiner3D/Stromy/Strom49" unique_id=1611529523]
transform = Transform3D(1, 0, 0, 0, 1, 0, 0, 0, 1, -0.028789282, 2.0800302, -0.0745976)
radius = 1.405
material = SubResource("StandardMaterial3D_3348v")

[node name="Strom50" type="CSGCylinder3D" parent="CSGCombiner3D/Stromy" unique_id=2005673792]
transform = Transform3D(-0.30248627, 0, 0.95315367, 0, 1, 0, -0.95315367, 0, -0.30248627, 51.588253, 1.4192171, 12.30102)
use_collision = true
radius = 0.3
height = 2.5187988
material = SubResource("StandardMaterial3D_mt7cn")

[node name="CSGSphere3D" type="CSGSphere3D" parent="CSGCombiner3D/Stromy/Strom50" unique_id=513193814]
transform = Transform3D(1, 0, 0, 0, 1, 0, 0, 0, 1, -0.028789282, 2.0800302, -0.0745976)
radius = 1.405
material = SubResource("StandardMaterial3D_3348v")

[node name="Strom51" type="CSGCylinder3D" parent="CSGCombiner3D/Stromy" unique_id=2049634414]
transform = Transform3D(-0.30248627, 0, 0.95315367, 0, 1, 0, -0.95315367, 0, -0.30248627, 54.436455, 1.4192171, 16.217228)
use_collision = true
radius = 0.3
height = 2.5187988
material = SubResource("StandardMaterial3D_mt7cn")

[node name="CSGSphere3D" type="CSGSphere3D" parent="CSGCombiner3D/Stromy/Strom51" unique_id=789105955]
transform = Transform3D(1, 0, 0, 0, 1, 0, 0, 0, 1, -0.028789282, 2.0800302, -0.0745976)
radius = 1.405
material = SubResource("StandardMaterial3D_3348v")

[node name="Strom52" type="CSGCylinder3D" parent="CSGCombiner3D/Stromy" unique_id=1220568872]
transform = Transform3D(-0.30248627, 0, 0.95315367, 0, 1, 0, -0.95315367, 0, -0.30248627, 70.942444, 1.4192171, 24.219086)
use_collision = true
radius = 0.3
height = 2.5187988
material = SubResource("StandardMaterial3D_mt7cn")

[node name="CSGSphere3D" type="CSGSphere3D" parent="CSGCombiner3D/Stromy/Strom52" unique_id=2021461101]
transform = Transform3D(1, 0, 0, 0, 1, 0, 0, 0, 1, -0.028789282, 2.0800302, -0.0745976)
radius = 1.405
material = SubResource("StandardMaterial3D_3348v")

[node name="Strom53" type="CSGCylinder3D" parent="CSGCombiner3D/Stromy" unique_id=983199319]
transform = Transform3D(-0.30248627, 0, 0.95315367, 0, 1, 0, -0.95315367, 0, -0.30248627, 71.70744, 1.4192171, 28.540272)
use_collision = true
radius = 0.3
height = 2.5187988
material = SubResource("StandardMaterial3D_mt7cn")

[node name="CSGSphere3D" type="CSGSphere3D" parent="CSGCombiner3D/Stromy/Strom53" unique_id=1083666146]
transform = Transform3D(1, 0, 0, 0, 1, 0, 0, 0, 1, -0.028789282, 2.0800302, -0.0745976)
radius = 1.405
material = SubResource("StandardMaterial3D_3348v")

[node name="Strom54" type="CSGCylinder3D" parent="CSGCombiner3D/Stromy" unique_id=591276505]
transform = Transform3D(-0.30248627, 0, 0.95315367, 0, 1, 0, -0.95315367, 0, -0.30248627, 64.08086, 1.4192171, 23.523188)
use_collision = true
radius = 0.3
height = 2.5187988
material = SubResource("StandardMaterial3D_mt7cn")

[node name="CSGSphere3D" type="CSGSphere3D" parent="CSGCombiner3D/Stromy/Strom54" unique_id=868658087]
transform = Transform3D(1, 0, 0, 0, 1, 0, 0, 0, 1, -0.028789282, 2.0800302, -0.0745976)
radius = 1.405
material = SubResource("StandardMaterial3D_3348v")

[node name="Strom55" type="CSGCylinder3D" parent="CSGCombiner3D/Stromy" unique_id=858358697]
transform = Transform3D(-0.9950434, 0, -0.09944135, 0, 1, 0, 0.09944135, 0, -0.9950434, 33.92847, 1.4192095, 40.52512)
use_collision = true
radius = 0.3
height = 2.5187988
material = SubResource("StandardMaterial3D_mt7cn")

[node name="CSGSphere3D" type="CSGSphere3D" parent="CSGCombiner3D/Stromy/Strom55" unique_id=2083423145]
transform = Transform3D(1, 0, 0, 0, 1, 0, 0, 0, 1, -0.028789282, 2.0800302, -0.0745976)
radius = 1.405
material = SubResource("StandardMaterial3D_3348v")

[node name="Strom56" type="CSGCylinder3D" parent="CSGCombiner3D/Stromy" unique_id=257867175]
transform = Transform3D(-0.9950434, 0, -0.09944135, 0, 1, 0, 0.09944135, 0, -0.9950434, 34.47608, 1.4192095, 35.546856)
use_collision = true
radius = 0.3
height = 2.5187988
material = SubResource("StandardMaterial3D_mt7cn")

[node name="CSGSphere3D" type="CSGSphere3D" parent="CSGCombiner3D/Stromy/Strom56" unique_id=1518413781]
transform = Transform3D(1, 0, 0, 0, 1, 0, 0, 0, 1, -0.028789282, 2.0800302, -0.0745976)
radius = 1.405
material = SubResource("StandardMaterial3D_3348v")

[node name="Strom57" type="CSGCylinder3D" parent="CSGCombiner3D/Stromy" unique_id=845006849]
transform = Transform3D(-0.9950434, 0, -0.09944135, 0, 1, 0, 0.09944135, 0, -0.9950434, 30.002344, 1.4192095, 30.075592)
use_collision = true
radius = 0.3
height = 2.5187988
material = SubResource("StandardMaterial3D_mt7cn")

[node name="CSGSphere3D" type="CSGSphere3D" parent="CSGCombiner3D/Stromy/Strom57" unique_id=2026406857]
transform = Transform3D(1, 0, 0, 0, 1, 0, 0, 0, 1, -0.028789282, 2.0800302, -0.0745976)
radius = 1.405
material = SubResource("StandardMaterial3D_3348v")

[node name="Strom58" type="CSGCylinder3D" parent="CSGCombiner3D/Stromy" unique_id=1296751622]
transform = Transform3D(-0.9950434, 0, -0.09944135, 0, 1, 0, 0.09944135, 0, -0.9950434, 30.056723, 1.4192095, 37.526306)
use_collision = true
radius = 0.3
height = 2.5187988
material = SubResource("StandardMaterial3D_mt7cn")

[node name="CSGSphere3D" type="CSGSphere3D" parent="CSGCombiner3D/Stromy/Strom58" unique_id=170669140]
transform = Transform3D(1, 0, 0, 0, 1, 0, 0, 0, 1, -0.028789282, 2.0800302, -0.0745976)
radius = 1.405
material = SubResource("StandardMaterial3D_3348v")

[node name="Strom59" type="CSGCylinder3D" parent="CSGCombiner3D/Stromy" unique_id=240385409]
transform = Transform3D(-0.38284454, 0, 0.92381275, 0, 1, 0, -0.92381275, 0, -0.38284454, 42.18495, 1.4192095, 46.45582)
use_collision = true
radius = 0.3
height = 2.5187988
material = SubResource("StandardMaterial3D_mt7cn")

[node name="CSGSphere3D" type="CSGSphere3D" parent="CSGCombiner3D/Stromy/Strom59" unique_id=1985994151]
transform = Transform3D(1, 0, 0, 0, 1, 0, 0, 0, 1, -0.028789282, 2.0800302, -0.0745976)
radius = 1.405
material = SubResource("StandardMaterial3D_3348v")

[node name="Strom60" type="CSGCylinder3D" parent="CSGCombiner3D/Stromy" unique_id=452995069]
transform = Transform3D(-0.38284454, 0, 0.92381275, 0, 1, 0, -0.92381275, 0, -0.38284454, 43.93649, 1.4192095, 41.882473)
use_collision = true
radius = 0.3
height = 2.5187988
material = SubResource("StandardMaterial3D_mt7cn")

[node name="CSGSphere3D" type="CSGSphere3D" parent="CSGCombiner3D/Stromy/Strom60" unique_id=1890087339]
transform = Transform3D(1, 0, 0, 0, 1, 0, 0, 0, 1, -0.028789282, 2.0800302, -0.0745976)
radius = 1.405
material = SubResource("StandardMaterial3D_3348v")

[node name="Strom61" type="CSGCylinder3D" parent="CSGCombiner3D/Stromy" unique_id=1625690279]
transform = Transform3D(-0.38284454, 0, 0.92381275, 0, 1, 0, -0.92381275, 0, -0.38284454, 47.10897, 1.4192095, 45.540916)
use_collision = true
radius = 0.3
height = 2.5187988
material = SubResource("StandardMaterial3D_mt7cn")

[node name="CSGSphere3D" type="CSGSphere3D" parent="CSGCombiner3D/Stromy/Strom61" unique_id=559573991]
transform = Transform3D(1, 0, 0, 0, 1, 0, 0, 0, 1, -0.028789282, 2.0800302, -0.0745976)
radius = 1.405
material = SubResource("StandardMaterial3D_3348v")

[node name="Strom62" type="CSGCylinder3D" parent="CSGCombiner3D/Stromy" unique_id=1458915150]
transform = Transform3D(-0.38284454, 0, 0.92381275, 0, 1, 0, -0.92381275, 0, -0.38284454, 61.19446, 1.4192095, 52.268837)
use_collision = true
radius = 0.3
height = 2.5187988
material = SubResource("StandardMaterial3D_mt7cn")

[node name="CSGSphere3D" type="CSGSphere3D" parent="CSGCombiner3D/Stromy/Strom62" unique_id=42796716]
transform = Transform3D(1, 0, 0, 0, 1, 0, 0, 0, 1, -0.028789282, 2.0800302, -0.0745976)
radius = 1.405
material = SubResource("StandardMaterial3D_3348v")

[node name="Strom63" type="CSGCylinder3D" parent="CSGCombiner3D/Stromy" unique_id=139730824]
transform = Transform3D(-0.38284454, 0, 0.92381275, 0, 1, 0, -0.92381275, 0, -0.38284454, 62.325974, 1.4192095, 56.50882)
use_collision = true
radius = 0.3
height = 2.5187988
material = SubResource("StandardMaterial3D_mt7cn")

[node name="CSGSphere3D" type="CSGSphere3D" parent="CSGCombiner3D/Stromy/Strom63" unique_id=973515684]
transform = Transform3D(1, 0, 0, 0, 1, 0, 0, 0, 1, -0.028789282, 2.0800302, -0.0745976)
radius = 1.405
material = SubResource("StandardMaterial3D_3348v")

[node name="Strom64" type="CSGCylinder3D" parent="CSGCombiner3D/Stromy" unique_id=545191394]
transform = Transform3D(-0.38284454, 0, 0.92381275, 0, 1, 0, -0.92381275, 0, -0.38284454, 57.34251, 1.4192095, 51.995857)
use_collision = true
radius = 0.3
height = 2.5187988
material = SubResource("StandardMaterial3D_mt7cn")

[node name="CSGSphere3D" type="CSGSphere3D" parent="CSGCombiner3D/Stromy/Strom64" unique_id=1478626017]
transform = Transform3D(1, 0, 0, 0, 1, 0, 0, 0, 1, -0.028789282, 2.0800302, -0.0745976)
radius = 1.405
material = SubResource("StandardMaterial3D_3348v")

[node name="Strom65" type="CSGCylinder3D" parent="CSGCombiner3D/Stromy" unique_id=515718228]
transform = Transform3D(0.9935503, 0, 0.11339402, 0, 1, 0, -0.11339402, 0, 0.9935503, 38.313473, 1.4192095, 45.62712)
use_collision = true
radius = 0.3
height = 2.5187988
material = SubResource("StandardMaterial3D_mt7cn")

[node name="CSGSphere3D" type="CSGSphere3D" parent="CSGCombiner3D/Stromy/Strom65" unique_id=1939410634]
transform = Transform3D(1, 0, 0, 0, 1, 0, 0, 0, 1, -0.028789282, 2.0800302, -0.0745976)
radius = 1.405
material = SubResource("StandardMaterial3D_3348v")

